123149331652473
1386531834811281
767690859932932
339426025227970
920393898073911
726648971260670
300805280466550
790146435081901
402704141985252
250935040936276
1260342065187619
1455978701134261
1257451017663044
1335692750593626
1162739661386654
1187132962969168
1812516262308914
284897864002546
378959691167470
1460667924158141
737472044994404
441118356904566
547553155271785
616848415623592
597096410335799
573586426891245
875095686534111
785276012580679
2368684159917740
1000678348348194
2338251359808298
6075041429194251
903305403055195
809027912792824
111523009003201
1365758580730482
199197954081901
330857740287505
1678900422333988
717368742144694
241818587187928
153980511353601
315779572900843
521039829838649
498677226266168
627555075313442
699973988438789
1714287532116757
1800222174174029
1413539232110115
714259781235916
771237911503343
444980015573765
103311646416089
1531957017050246
820081643544028
323668713066545
603864664035870
709347145855161
432645963530154
319253678660188
555887401182202
1060485744472151
427984504569617
1524109298212628
270241509987506
3790436111219896
430823664661996
411684038978663
1661154491500337
334223823751717
246680501324837
721147361240276
631030640942303
1387132638291124
169206069781535
173945092653816
1803334660428647
515411178662693
169527473212627
341649052673374
2392819220770252
157128677268874
1096201530563725
191763135490219
192283027464560
380601642076612
328347158944
873042849706314
1110596428953579
282721241833041
1012929922075776
1519274644809278
236764619125247
653186418358339
903064013694953
1482503631981848
1745971342990070
288857399010526
868724086637329
1391496094430355
496273663797776
1240120576043728
3186733438300298
1424037271145076
187878701850997
155965391607165
710651062432221
177715785656215
1022661981545469
266872746742646
1350360178761136
766039213507571
2625384161049898
1268262568251184
877700737447978
517634435245187
1739698056417878
905838880293577
662183120475195
113381738713630
1187090692794963
2895769340639591
589682267748864
1471462206483634
1602367090713785
369932213021047
151335904897850
1768554216731435
1091081217663044
33642481390
212944382083866
1050245864991979
571810195402128
1221097718010591
867417118054211
481977201334382
321087040789516
382351741820673
1667021786779816
716105486759137
1006424876160540
677280465744524
1038277792960149
437581797996133
763010369139388
974690174508070
90489545340
1452929258306580
1543827879691882
38306807287
136491770229913
1161224093995470
674945079317206
787465411282542
1036850780694284
313387966527251
627806611265219
113242322165450
1389581974638045
148798851900533
821489261313811
340065713369274
685114548202154
1238759626558232
1586211758561822
411859535689628
1521190278102390
268329811615799
267715903347531
333229394455970
2086161304734428
1179454023423029
1456349851269507
1139556190114515
163650227030937
123988437737270
801358120054615
1757943351127365
256698614674342
1829070510678234
1749502965281589
3743886129051090
1557753864481993
699582480114406
956913011096515
717281308293570
573943096705926
121113531781719
628161670951314
503344986441528
1952951051603875
1177772175749652
1666760476922086
1661601634079891
606645782705214
2120782398161035
1773732772703458
1688010238142314
394672590603551
872135412806024
396264317684362
472562772836105
791960071737026
736185043078654
991625647890894
229531837783888
793642621199135
133539636729835
196485670704845
1782166772510587
1223778388406955
392628468005431
420539274752350
1750504151878090
260238664472857
1548137065466481
322347981799268
9874670700
1664166130531228
218237352149790
303313239769916
154541054646440
1002369503237128
297787165246926
335692983203974
1075623262582449
804207882963892
2024426607839963
297941520318617
242188169271979
32139918757
734525043326196
460109860768087
1184989344971954
137636393496148
2178292959058556
731903184246330
1668600893353782
758630110869906
666478121273911
917362592202674
786230268173360
413699952059844
248599610486353
193341278212825
895138840496778
311662665695171
183110297240017
225399644149262
921053002027374
1584078192343104
190248531165203
237640214226021
267007034068
145820852271254
672730149456946
664052816952744
702873322193780
788797077861236
240028756476857
243857839131063
582642315206096
168420519949600
115912468423705
558177431004457
182430778510926
1761913747420728
2735577516628270
1498852213669346
2321563374736611
1588530834702522
674296933581701
607137909385443
1536423950007968
397670806918006
2087093394851117
2887685478193475
895822004467645
380034862900326
173513483231982
307694616090216
1433423670277423
307354326475984
149647698396916
1349483476037225
502141266636115
559061546740282
913748563662076
1758653274397834
1405061523090489
696949893794286
395899514558470
2377772995586711
273692456001577
288951534831378
2612277899038624
208693305853263
336649976767656
2029472300633361
370184443529477
1429184950707074
559614674062665
677412142889588
290572297734093
2282659585398202
616697995613620
445029850188858
375894719189456
754255584783220
234776529071592
1523131007907247
518234721579628
961015277301849
589298724859309
765779962075732
618643044599958
414100385314275
985910168960324
695195083868145
1450658505151377
141740522592223
346749808863464
226352980782669
130627035556174
337404629770805
998342151075134
395822640860949
391250975422879
428538083877052
996864161113993
541373870979137
100569960571569
347423414373235
2018251805131328
632513283473410
815363967277924
3005920539490615
1692560037650040
354863157977824
1439843889565131
1991963137841702
1390508741169868
357951757610991
188809161222364
1557175024506097
215547675282280
1577790425634172
790534044462230
1293960707317429
2148330588962106
631487749866213
977703675624919
166066743899310
263941623777041
642160362598409
574724646011698
1400292606966702
214631895321741
1725898991069610
234560663668600
4452590331468429
2405966323004036
845654442169730
264904990194378
1658434717784573
1594141870838499
266577260031176
1059979587955099
521738941186138
1882043052076009
1957609800946269
1402801993543024
762328110803036
437400196703869
3504825996416090
214595635406073
507367099325242
412749703001846
921677234580252
1146338019297024
697618613635372
875123343341653
417939298634827
1707525459576030
590861594361166
520910491385610
1423838829069951
449687422053759
1199260255533161
524669935067143
1021375896776100
1028488090537333
596303050526340
442884697623507
237922089714592
162637946737
440584203218244
1004551327031125
374500478492560
1392927767567934
519525684848302
496136215764887
1562889657233026
3174216486224462
908955067411345
938538974807850
1630378510338148
1916992325444684
632611251980515
1511865748910786
200711746755677
562929743772235
895286353903242
114528135615338
486588512119449
503216193045730
630923877113064
148556022491154
182621458989122
1828729910704209
364680870770572
383369789157705
313808249116059
892102426052480
525505881400641
1452265021769027
847072112540005
1193840614307584
1106705486049076
369429701325309
1139280647523320
711220140925933
476336694154123
1234218430544977
2894669647514321
284191470697043
1408321619418674
683095010465809
1492482778830931
1328583878244273
1353621922112149
1413769798837410
2249482328419091
219851538750398
170790873124180
1403542373090233
254590974667639
428082410889263
1640183336004494
922762331092935
1020143918600995
254562197248489
949200829926827
400950796984336
1778962425830901
369817154670390
7163048710479876
351029598991287
601039063383175
574091569591302
1303830880401983
1445109142181418
563656353707529
1848777701803339
492327092966900
444983912368010
457978374598292
347210832348969
127607084557316
2265754626978717
209876470690208
1704581970149430
148121415908999
424584880095508
236532951275413
532909265215777
2479293338965962
557546085026465
1163360357018693
806004213181554
838656121641973
339957832483374
544664539065931
566357660697666
230375162521466
516721787215115
235451410798877
173986536086351
1043497543463258
268777562046132
133678847221881
1219022878895232
586842085797717
219900355349172
430658301064691
429308431209608
26920400944270016
1085677669015215
172275413108419
630092077191880
760323294911409
316148956055668
193214727148154
2030783884033365
210810288078021
408570592902787
781542756002416
6527979270615437
303389704938582
447561048774876
733857565263239
731348608490695
227196122849994
707882093700274
589600216434597
329648914133638
1258704848026042
1197242507377185
780158010345823
974078852782479
157079888217812
1200071654211135
527184406119976
559467804090269
564721606152227
262533190569520
1331952884341559
1800293987452822
445366292230077
217331251970364
2041407569487121
365679530125949
879643272564053
1043036852483159
179024005442171
1847103955566088
1736085697783879
694619415830321
595376294785473
431709166602030
1652097595007808
441084145998573
1280031883034800
746393953597196
855374194652031
179149878774915
1008786862558753
686543468951117
566225470142290
233024651069855
951212689727345
862901847172551
1208130133005296
522197665092377
919434881786638
461599437333792
3323916391218745
1063755580342571
168723717067508
630329425336796
796203124278793
1469379873350103
780920706980867
1016030148585595
132135087468077
111140392640857
6007233129355425
1270134583042644
704560546270234
687366116120497
3329415873859748
422885382050541
1896454030635430
1940351432876932
410114802509038
488591972721181
603665335449236
256746417837342
777540782621014
1633091593634958
364425856356918
1053639908663114
397626017004740
1151494639197572
595511610491939
932477691394260
2494059757307343
742407482597590
460156944357411
500034165844794
1165212416883333
422693400751752
361541694919755
374533454719565
1664649950254598
938592237879460
8962853717107377
1468386810074298
1061648991923241
840373084689620
502642525483365
1117619462729954
191601055790428
1666805650852415
2292247410961353
1877441699337517
317079818949439
1422368694708918
725185000211337
595258820552382
1475790290078165
1342804852975899
597130469756196
1196096625305437
1171725153418618
853542354724324
911689691015359
2015237205419358
1224775138969570
240047442860670
740016838133218
483869685282558
1410338812604458
629756150407155
898230388734243
1668085163802584
716432923267226
838972807701987
2693040007493544
1743930813080872
207762350019152
423603055081289
360726254402438
1223718854926163
1217818845559514
797854957019391
2262248670728964
1525848771127592
4560118410765033
1859534958123901
1648295815852429
2113774529104489
427996581304499
1921398841452773
861287563916779
744175906158531
4137969243150045
268071230408935
518533974927092
727278134057559
766155006805524
1419184612691395
770766781546637
618150591630540
284396856597905
815465489399018
873716959648035
1091240379436290
431928476828855
116642099030675
250529297415247
2214928922138339
1715634842024075
271235271391720
985648023263025
817418798995319
714041628727054
173613813390648
157801201602587
722057469358075
1474094769294684
729605139802429
1809319352698387
1426512721180294
909465089108838
246574808879812
468124053857807
100758147329567
1859615444241514
1556061865251146
589856441074473
305975199107700
1079945116244484
708231518803172
1084480659431294
691133278920719
656387372164482
146753344986148
1583602085232387
1536506586657012
1089273861731853
2366320976736373
195197344022847
166491592038641
994910390519279
138957646168227
399580226154458
104782456336108
139902383305463
3607040099359134
1445606969139885
463400395368917
507200509122355
1354515148982311
1088300561192029
1734287580172510
872549640930630
1720356908043547
631085470355783
1030948891535465
3121951984727024
1428019591864743
487767944317961
1468241263506397
677054606403732
327761453635330
178245667524110
811013855585785
467796449211210
974177763830272
974800747210446
347131287622133
954268021866666
313577751366979
885078893299519
411625718172547
142539128705226
330740065479953
576263517185733
1298342324142547
1375621630058426
1351049094949472
511117839243780
1169573901007774
688179140406361
683737619376128
1084090160083634
153216854069967
1521551928672696
1123105371135806
1427642257535171
1981082665499789
3966574673617099
180794800578345
569484224468317
936551497843633
1264113167298543
754703984566141
2231026037276397
796385980486201
491981621260883
1118608386219327
1107029263595001
213232812165864
1805094889717129
2351861615040599
1044678044174945
1436685676629117
1286957358067391
256756950613967
1841158409533876
847797609058343
1021346549978163
573444354737963
362995470750013
381069353134478
1698013717047316
910546353851424
253408733746607
595681088199685
746980766360405
599537781626817
489778112001194
808354550947963
879426179162455
971227078258603
836402396477773
7765522060224961
1484740598498384
312023963415152
334396827377310
1324581468834766
2204180876600723
182195596471416
1009229129120966
263609563195233
850167886556046
1885522505003459
3519771831631227
453100099303431
163267967856883
637275660537141
370103997352492
272029970244659
953906110137608
1818685545085412
172319332890759
372654875194104
427578300353593
611402788096841
1286507854827081
382469309933380
148502615580128
1045501092999126
730750790325455
423240356477975
326449134092612
819578979913533
729734704398518
903995529751504
913520149211343
1876629335681680
1655579884492999
3895560840455372
2587065364872030
1440371806122164
993533411928823
1617231735376536
895710464573451
234930454835269
650985377852126
590771804327146
310929486606795
1272658174172438
872052934666802
364512934148560
346326246957340
484010667806737
835870633198793
1668160073445901
231892103990264
1728444030796623
1307267956332308
2111979655755025
2095192647400141
1978037112441151
561445543985499
901480416881342
2660662690836175
2033555650042444
1529141773871154
1237936587643377
1797207797179357
2679695008952933
653913706261363
1130405247961356
146976568797595
202646439766839
348593795285814
1158388105261930
350373193207960
1713385135953885
1817416598524196
1128407801544573
1412662272278938
861262419279336
805456480564841
431199844425833
843323213076112
2315072881957181
2726176207463665
622000377873944
717857351720783
1165364258941388
674610688944545
607104409001839
1734545879948279
2139804052929428
233624860061832
340479821889605
127161909372718
1995273034125267
218396918768524
618855499157793
336003494502484
417140100976702
808796829491825
222381225024091
3173968139590582
387677207987334
460684110641221
2007226459492972
9301089286660440
2734587759887709
1700475640799971
198576873888996
1409053449845050
1278959389675425
1321776708404383
962748759403913
439965905779089
772272553581133
1410089886074505
746074908344119
1046734428678807
1439718416281571
1164102940391131
182936329132430
875983402507064
1172816039553145
1553613214901749
1807949742793877
1854282654788385
421468916471798
717968186856359
2129515420608918
573333533831053
4964923883531089
1297581233922076
334276709244570
947756005752749
1197916310321509
2537755839719544
1314955925994051
917722925322536
1570767903144454
826571938949907
2587360554921191
2295740964014034
2970361203116788
1459532217639971
1266241280946312
559780849639890
235721834688088
1250653245545778
1419463371417074
983372676570971
1340203779793951
120382985275083
687476549350086
822376792631590
122672031721488
1608691552737408
177403933611655
713594927176194
1609200626197403
876384910443444
534882863010873
569505954718911
665663790163642
998585871047199
1742520082762936
222660071870268
723107953146634
301468812518731
903364033171345
463123374227445
2777301515928812
743650168979082
1090785180934688
364153929276410
636372353821581
428446889288481
1348681955243353
1515446372322013
631980520308017
899980816776452
481854740978141
534556779910584
863071117206570
326126024559313
842094269184642
567129460058372
284826421625672
208370389272519
220941999074707
658971000812020
1259200955776784
615626428825417
242523493054810
357918826405921
1690107404975981
153334031395610
215114416964025
539383652877605
1627081691293870
726540334513311
1643944362465452
101131853346767
1867185876894059
1242619230854101
2475107629438021
800293622226984
1347979158893672
5755131294616493
354109328525052
272082403412720
2001236553727742
492052610988673
1026014317913628
108827339803010
3526677127399641
1370938193098723
687831385223906